23352
86938
-39634
-6685
-33899
2879
-37022
18338
-35739
-41426
-14858
35046
50873
-81187
43364
26405
39620
-82504
99638
68679
-56433
70059
-52560
56602
3015
-87858
87801
-41348
-55515
-42331
5619
-77964
50771
84066
-63069
-92255
-76523
42714
3999
199
-14054
57481
5649
70624
11529
-18509
90073
-98132
43490
38552
-86110
-72960
47985
-7397
46020
-74694
-1788
49121
74557
85305
-40514
69306
71102
-13216
35758
90776
-49972
-83731
-45127
15537
-86949
90208
95719
22399
-86440
-87453
-79058
76685
-98727
75622
27412
46002
-31715
-73104
-5272
81101
-28819
50823
-33704
-48019
-78839
94855
-35877
92363
-220
-19554
-26626
-71769
-99540
13857
32103
-38423
-79886
-82502
-32447
92511
-81600
59152
-24438
-90291
86752
-95152
96040
-64862
8709
12699
44031
99176
12947
-46151
66721
-60407
299
-9353
16080
-59655
-21084
-31329
-13373
-97409
55136
93236
96790
-69148
47307
81438
4565
-30527
22594
6473
-87053
-49018
69100
36076
51661
64400
-2880
32543
-82017
-55819
22264
-40312
-33316
-17061
41087
63856
1209
91685
-16251
41538
22272
32408
36177
13176
-93309
-35782
35717
-25453
2744
-2241
18411
5834
98103
-21574
-21993
24165
-56491
-48351
35398
-51894
55130
87693
-45934
-66230
-69428
-14514
58068
91473
-36882
61639
-2077
69802
-27101
96342
-91300
5264
-34857
-18961
-8395
-79763
-54905
-13928
-84871
-3481
70225
33926
-81676
-95904
92611
84127
37780
-64582
-70942
48991
-20530
-44028
33005
-70354
-72571
85237
-12270
65382
648
-92802
-61697
-98063
27304
57969
-68055
59428
-76871
2832
66738
-90347
-3669
-39563
-37421
51653
-41513
-66114
-23854
91123
62977
82663
22875
20309
88449
-17771
91634
-97734
43537
2875
51639
2777
-47470
-95904
73708
-37834
-35920
37191
63690
18083
-44288
-23161
-30842
-77719
-32953
-50292
90062
50780
46578
-35424
-14990
-30183
-4961
-78471
-88194
12737
62323
-89649
37258
-4171
72640
-85262
-3565
-51736
54116
-7349
82455
-49478
-32078
24335
-27328
20862
34213
24792
-3126
79343
9060
-12589
95675
-13524
-68306
-51457
-48653
-88889
-35258
53482
31556
-7138
69494
50005
-53201
46500
73577
-73904
78904
-38045
-87732
-55626
29373
-50929
26982
17905
42250
-9324
64218
-71375
60161
-76257
-6675
-91466
5567
20195
-33088
78550
46168
7338
-96174
46674
-72962
62321
36826
-89907
-81326
46851
-79244
-81657
-77465
-89230
79371
-53071
75547
94270
-88420
-64793
-61806
71688
98335
-52230
49181
6463
46029
-51337
62220
16662
62924
-67502
-16663
-81391
9710
-5641
-54492
86633
-43416
-30929
-7478
-92380
40112
78641
-1190
-67184
-74803
54379
-7025
80367
76744
-3993
38956
-35816
87186
78204
97228
-15778
47111
-83030
-32964
73393
6336
68598
-16636
-49136
5496
-45467
-14005
68350
83028
14192
96852
70456
97315
-84131
55591
72402
-57254
42925
-42560
66968
16498
-52289
3400
44160
-99800
-99503
-30078
-9235
29705
-37739
4543
85584
31206
31669
65995
21222
-43138
71047
-87617
88842
-41496
-98223
-77076
63720
-59834
45681
51459
-41820
78916
90362
64815
-19754
-11426
57065
82702
15965
-66662
56667
71106
-39353
-27735
90453
-83104
-91519
-6240
68345
17812
71741
20370
8716
-37425
-71853
69136
54111
6093
74650
-92260
-9148
9030
-34042
-4066
32664
-25261
-57470
47297
90611
58064
-61404
-85311
-14958
64386
-46858
-46749
-42069
73144
72217
39621
36872
-40957
-75720
-82224
-54320
5107
64742
-48040
-56872
1802
17101
96952
36954
-56060
-6654
54702
-80496
80216
29063
-1284
93748
88401
13962
74531
27970
6544
25087
-26316
-55018
-70809
87978
-66659
-86049
67304
46432
-32659
68582
40884
-79188
73595
-78126
54385
45725
6785
89952
87295
71205
35335
-34799
-2742
-66028
-82129
-68471
28935
35889
-48502
-79419
72363
-5388
-44834
-66261
-1671
-10998
-58634
75094
30023
15891
-75948
36682
79841
-86372
81401
978
59969
-42331
-38940
-17880
57296
-73371
-63115
64732
92213
79805
8226
-25114
-59298
-5551
-33378
-69676
-76398
36605
76528
-70958
35138
15085
-17971
-1326
-94231
60286
84835
-1649
-77317
391
-96784
-21433
2100
-90319
16012
-20563
-67317
-57113
14945
7112
99472
-69208
93420
44649
71635
-17209
-85644
-74932
-46529
5232
50606
-70469
41945
23513
-45422
-19499
-27243
72572
-12682
40646
-79174
30410
50627
30997
42118
-99559
2122
68227
-72491
-82678
-37358
97457
63999
-26115
-6282
70221
64177
83656
-99108
12611
10282
74079
77865
-25969
75548
-3725
-54516
57087
-23470
73573
-6848
738
20921
-24804
28184
-27218
-93296
31457
-47642
66698
6885
18131
-86413
-9925
28070
69239
90111
-26407
-31546
-39071
-69043
3431
41639
-79275
-28460
13538
-47445
14160
55501
-58807
90031
-3208
84140
80860
68650
43488
25498
-2885
-46114
-85832
22378
56649
-18289
39379
-87842
29588
-26858
73157
56557
60669
-34359
-55176
75401
41128
87177
-52015
-91275
-38780
36473
1990
-56553
-28670
-14923
-18465
-97154
55136
8051
35992
-21360
-42967
-43733
20442
4414
-11044
-6210
56593
-51988
-67461
-51222
28365
2893
77465
43594
-58596
34982
90151
78741
30079
-7344
-5928
57130
-61146
16610
-43639
-22583
-71865
-18538
36339
-61988
84713
-82084
93447
-52565
-893
-45491
58069
47298
40054
3565
-52620
67532
-35921
99576
-88985
22618
15405
-1574
-89111
-16656
-64284
74387
95865
26222
36464
5502
-80320
-69042
-55298
79604
67379
-16031
98833
37329
-17512
39818
16655
-33421
-13668
25107
39702
47374
69238
2860
48731
33795
-27977
471
-76767
-32417
-96439
94755
92958
-64976
-20622
-76260
67489
-30947
55473
-36548
-78336
93533
48263
-89941
-87393
-92938
7310
-86874
95307
-72173
-99276
22442
-65585
58725
39611
-7389
9424
89924
-8617
47034
-13471
14672
40838
54690
-76803
33547
65680
-72551
-70447
11230
-98383
11094
71475
-2298
6315
39024
-89126
-60335
-15493
-11997
4945
-94050
47565
21191
-32753
44892
-3556
-89861
-75232
-58658
-62476
36009
13788
-88408
-23980
-12625
-81211
-8312
59866
97159
-33932
52173
-21935
6336
74610
4675
63995
50430
-31368
1300
-76183
-21886
87604
-68540
65167
-58639
-71382
-89400
90008
-53111
90947
-42203
-99302
-79678
72439
99
11968
15893
53755
-94283
-44025
-64637
-57233
-77112
-92568
57948
-61467
-37288
-54668
-16106
52047
15258
-56462
-25904
9559
38473
63550
-47807
61629
-85318
-97803
-51904
-13969
-94217
-95191
-96234
11908
-61062
-69958
23302
-26838
-75723
27822
62619
-98002
-84405
91683
-6859
-99938
-29591
59278
-56817
49293
65977
-36257
-91044
67753
-16149
-10120
79741
67720
89519
-99736
-19233
-43393
-58217
33594
89893
94882
-32180
-53647
-6714
95759
8701
34753
-42227
49876
89347
-43826
38794
90033
2908
30489
-60636
-5995
65541
-73689
71562
53621
-94379
93644
-94625
-65599
-8156
53444
37362
-86620
298
-79499
-64300
-68124
79002
-85159
54960
37425
6055
67126
-6835
-55029
-60867
31698
-14715
88984
-47286
57147
56660
-92996
-6369
-11945
87832
86433
77886
90945
-16716
78986
-56069
-54144
-40924
-63893
-61829
13383
9942
-24475
21510
90536
12765
-59966
-13735
78076
-2588
12561
77579
24128
-74372
78133
22669
-18804
-1297
-4923
16902
-74006
-85911
32938
-78676
50609
-79015
19480
5595
-74615
-39336
-83841
77193
-51958
-20352
28701
28023
74355
7145
-48844
-29008
18757
-67265
58248
-35702
77475
-11138
-36412
63818
-26059
-84114
8240
-36140
-93631
-93908
-25067
13859
58238
77080
39532
-48256
69221
-85695
98222
58794
-58311
52279
-76900
-45068
43678
-675
33377
-86614
41314
-70766
-93655
85447
-24202
-63836
18212
36029
70246
21994
-56320
56752
-46641
-20835
25869
50744
25494
-83073
-22366
-17303
83523
91673
-86542
61325
-9992
-62614
53204
67271
59798
31307
95595
-12343
-28249
29610
-82242
-86257
-63466
-40711
29657
-37209
-76440
-82272
300
-40328
93481
9523
51386
47700
-54957
-34586
-58817
-71933
-24673
6351
26328
-688
-68717
-7306
-80978
-84759
-11546
-87847
69143
22708
66604
85881
83454
-67689
-81801
49554
2209
-42650
49314
92786
-61069
-19750
-56231
63513
73397
-69748
80744
39976
-28697
-2022
18890
-87650
-52666
-22196
-77503
60520
51511
-79571
-32246
-87107
-62676
24452
-78132
-8109
-87546
-89306
26045
41542
27550
52991
46077
83515
-94410
5455
89614
-88181
26127
82679
-44783
63340
49263
57040
82757
-60226
93394
74155
-73235
-7644
52334
20814
27001
49461
-97680
66042
4838
65519
-69731
85651
45085
-86479
-32980
27558
32727
23358
-56666
-65099
-89704
-69175
-94359
-38847
23589
47529
-37928
-60121
-57571
53413
94705
-56566
-96328
-92442
-98183
71285
30355
47978
76617
34470
5824
35045
42829
-88279
-90478
52373
18770
35622
72357
93988
-58062
-39164
-33413
-17328
-18958
35667
73032
-74688
32236
82039
71025
93510
93007
34259
-58652
16469
-19059
90547
92299
-50928
64625
33296
38072
39607
79905
-51328
30189
17159
69915
-68278
51246
-60980
-65572
77197
-18908
30050
-90065
53464
76472
-41606
-99941
37511
14750
-51667
12731
-63439
27940
61657
-13948
5250
-18632
54881
34811
864
-33241
-46653
-62845
-8637
-3258
34357
14347
72428
-91889
91563
-51869
-23991
77410
61852
48530
88234
-32782
41621
-96629
-65525
-71714
-58995
19252
2900
-9208
13217
64939
-20425
95443
-5670
-20982
-64116
-93770
21270
-14265
79570
-94431
-69439
-67653
14060
-70101
33357
-46529
29796
-47291
-78906
92599
-20799
88079
48906
-67350
40811
63092
-92806
32167
12811
73283
-49052
99217
28143
31284
-41933
6082
10713
94712
-81467
-67887
56604
-84678
87705
86001
9247
32742
-76559
96455
52460
-24472
-74071
-33334
-25000
95692
-50673
89927
77248
-26113
-47750
-63538
-47922
63164
16941
21634
-73966
72836
-78614
44090
-75470
-44490
28037
8632
-5340
-34176
30396
-77537
-74751
-17746
-48537
-75516
106
-86585
-65418
44039
97999
52571
-6839
96568
-57582
-52690
-10328
2709
-65905
-4694
-37795
-45289
33669
33997
99578
-72598
94236
37444
77683
-79878
-24258
36580
62524
-68327
79376
55028
-2986
44857
12058
12249
-53740
-29488
97283
-21080
-40981
29114
-21889
45473
-33232
49186
-92145
44104
-7001
57365
14486
51629
54800
-75959
99479
-66018
-4765
93615
-2885
-82568
-69789
-80985
-87566
5195
-79790
-4741
22694
67645
87473
-65308
77798
-2216
-67799
-42705
-8667
-70237
6012
-94849
-8275
6446
-96341
45129
53786
-3815
-27493
67207
-63551
64209
-90027
33604
-17451
7003
67411
91357
-93497
71755
38066
-42542
-69238
-10262
86767
25693
75528
14444
-54980
-60751
-84458
-85067
-41890
60399
99665
-49601
-62938
-21052
-84830
22753
20778
28917
90901
-95835
53034
-14425
-54115
-62530
79032
-6689
-83811
-329
38320
73053
90557
38275
-10338
34226
-79215
-41872
-44190
-87993
-33965
-28381
92872
-90168
-84746
67731
12811
34208
-59357
94743
-66361
-97402
-13980
-93491
-78833
26650
21274
-77096
-68554
-52447
-21818
-71403
-99618
-45829
67324
6996
-49295
10379
35834
36604
37878
44054
-55465
-7970
8148
22323
81881
55648
95609
81544
-40458
-12570
95639
-70591
-75296
6481
28405
-12866
-6402
41672
51745
-39344
-37536
16939
-40027
22381
-84059
-21788
50781
-94625
44575
53135
10091
81354
-60447
58913
87915
19748
-37309
-8188
-72280
21931
95673
9268
-17607
-40409
54085
-73228
47870
-61332
89658
71327
33352
74186
-4493
-26718
84941
-6181
43026
-88128
13970
-15612
-74760
18806
-70900
99585
-27518
-25195
-8027
86737
83610
1780
-81626
25009
-31216
40836
-90339
-49730
-95206
55212
-32138
-92071
30331
78528
15278
14764
-40562
35966
-64821
-90945
69676
-7039
-34046
-69602
36762
-771
-48937
11972
-40656
51220
-6843
-48312
69041
-60440
60977
35561
16888
20837
86279
-85235
-33843
70658
-13610
56317
46329
22761
44521
46309
90502
44744
1280
-18735
-47838
-28256
-46679
26439
57462
-21498
-49506
-97956
-64838
-93956
-47863
-30266
65569
-92851
-33012
-6130
-7738
-8823
72424
9390
-89389
-97634
-4632
-75411
10321
-23208
-60774
-50488
35174
78426
-13871
11081
86244
-7769
8080
-76459
75685
59298
22288
-33472
32107
84373
85454
47891
-25658
60449
-17008
67519
26989
40182
-60779
63001
-53723
-77605
99376
66351
71106
31554
73317
-82447
-2512
45505
-23762
50256
37984
-47428
19788
-14543
-36945
33378
36435
98323
-17503
-85550
79382
-79380
-7479
37879
48311
-32274
50903
-98655
-20971
85215
-85130
15021
-34525
-99408
-1078
31732
-45655
-21531
-98978
33480
-52302
64942
-80790
-33237
56730
-41561
2228
-546
49196
43578
-82099
96783
-77245
27657
61133
-9397
-87509
-63290
6598
-92466
-31005
7421
-3489
41877
42118
5674
-35580
-65683
-72147
-5637
-24871
45286
22072
-69662
27622
-54001
73335
-80078
33095
-19132
56593
44983
21935
-24209
-46251
19164
-23892
-86825
-41401
-49949
-54143
45686
-91319
-59136
-49455
-20293
7879
59302
651
72873
-63258
1005
50272
71702
8572
-57608
-88647
-25133
48260
39612
-92644
93335
2143
20709
10287
8803
-27001
-69474
-29230
-78928
66982
-76112
-27194
55337
-21774
-73028
33251
-80851
97392
-67641
22929
-44328
-72926
-46653
-83297
-61288
94863
27558
78381
-2802
-10020
32641
-41259
57940
2137
16212
10169
26659
-17645
-69939
62194
35690
-47580
93244
2573
96629
-30060
-55686
-39287
40689
-93454
73861
28206
-51476
22118
-44809
-93792
79113
-84683
64588
-50657
27408
61072
-34105
27896
16819
-53886
-13984
81486
16061
34971
-98276
-71951
86502
-9530
13002
16278
8847
-25893
-85589
-28999
83956
53207
95542
-44540
-30755
-83578
-68098
-28382
-10863
3973
70202
32664
-56008
9307
10950
-42698
-63692
84664
-11329
-25116
-88130
84654
-35124
97348
31944
20645
-4779
-1143
49829
-97843
51749
74273
-90609
-45348
-6956
44257
5481
-92565
24283
4633
94873
-82095
4325
27217
23177
97288
35688
-73332
78452
68522
-60165
7969
36716
65388
74472
75924
-69036
64420
44266
75776
53601
-45757
36275
44834
-65145
-63083
99906
-49825
-98103
-73801
-67334
35532
86769
-22022
-53218
-93816
-75584
42278
29314
-81751
36124
-31202
-98082
-46348
-55762
76912
-84496
65264
-74983
99404
-32661
-56067
61963
-15752
-82319
26932
-33381
-48252
21647
-89381
-22674
11366
-54320
93365
84814
36877
-51870
3626
51386
51836
59557
-37776
-90637
76125
46228
52982
19724
-1380
-2375
-20313
28018
-41967
-34798
57336
-41291
-8851
-11511
31209
11331
91911
36803
-16101
-28822
55999
39305
76057
83323
42025
-39800
-11710
-3575
54532
-93617
-822
196
-23903
8923
-5275
-14438
38946
-48130
-7939
98268
57263
-1419
54256
37762
-61406
44566
-14708
38227
82551
87970
-11028
98686
86816
-78843
-42013
50383
-58608
-40365
20469
-29847
34438
28226
-49371
17566
13021
-52423
-94083
59586
-49981
38383
-40340
-95124
-68872
-66409
-61024
57120
48590
-26528
-75243
-31890
34757
47530
59169
-51694
-63831
9795
19756
-34185
-52317
26328
43593
98997
-71798
-81157
27273
83901
-89226
-21321
-61257
-59762
59501
-15220
-30044
24907
-57988
-7136
-3869
66882
50346
-46901
52743
-2672
83826
9648
-29976
85828
-93232
39627
28175
39772
33595
-77423
64988
56174
-7932
79886
38432
-49625
-16304
93800
-27798
-8047
-28536
-66335
-63863
77480
-2203
70510
-86704
-19048
-52821
15589
58692
5655
6341
-79730
24098
-62359
55655
70944
36856
31648
90823
56803
-99680
-39874
-95427
91891
-14593
-81540
20053
-63126
-34392
86306
-6994
-39076
-45408
-7633
84775
-55513
-58920
-2045
-51552
20166
-87054
96192
74079
66733
35676
-26258
91261
98690
-13140
-65098
72429
91509
52506
23955
6859
-3895
-49727
-68997
44729
57604
-77317
-56918
-48307
15534
-74
81396
-62832
-21851
61592
-70004
21101
90324
18964
-79333
45505
-90141
34048
-80995
20572
22717
-32602
36643
32313
-10209
77599
81845
-39397
-70269
12197
15905
-1579
72440
-39656
-56875
-66013
75880
-84441
-5563
60438
11790
93802
15921
-89127
-76636
31516
-65025
-55241
61346
90686
-46160
-77811
-10499
9479
-12292
-87313
-53639
-47206
-82758
923
-50239
-87716
51062
-98187
-70877
-20061
-79279
-99990
59096
-59399
22093
94087
76497
12762
-5849
84892
-5547
72920
-9683
74841
59350
-61057
24156
81043
75160
-5750
86722
-55386
-57305
31961
-65857
85402
41289
-11747
-96362
-28006
84715
70327
91349
-33506
82101
-23951
51474
-61086
53269
80497
-92495
32792
67319
-21929
79549
56941
46319
-54292
-48052
29604
-88373
-80560
39512
62660
31092
84353
36641
-56335
55237
46124
-34851
-35577
-11629
-74354
-36393
-70153
83443
-67201
93317
-50105
13356
95316
58427
76647
-41369
-44294
40195
86789
81613
26685
-14073
32571
19154
57438
-95044
52891
-94303
69085
-23454
-23917
36977
-73452
-74255
13490
35981
3073
-86742
-71256
83072
-91196
-29057
51700
-3920
68461
-85170
-26376
-48385
31278
-76937
-91703
-96388
23568
-95731
95736
-85258
4563
8447
80727
94398
87094
66033
44283
-68767
18965
-11151
-94396
-69164
-73949
-43830
-75721
21132
-97515
99327
-71357
-54266
97198
52043
-69832
3866
19462
79688
81834
-66812
81019
-95113
-27250
-57948
-73497
52495
25810
58928
-46958
77008
-73927
90870
28231
57114
22509
-80673
64219
-22832
-52336
-87214
-75451
83235
68271
10663
-28168
85022
-70746
43910
47655
-28701
-56530
-657
86329
49316
-25631
-93134
-71499
-90768
86636
-34498
25002
-91621
-29657
42190
33767
-4729
34901
-23960
-72343
34431
4304
74284
93965
98910
5678
-21530
-17980
42565
51226
4033
-61540
-52638
13907
80746
-71794
-17815
-19936
90402
-56532
27359
-54788
62916
-81167
-3633
-85280
2231
38904
-79321
-15348
63158
66964
51752
75994
-34481
-86190
-19505
18902
-68414
-8382
-56789
-18891
-82397
-14299
97115
16755
11639
83091
3852
43435
58023
-97913
1797
90993
-83889
83064
-46433
-42444
-19256
-2638
50492
-68058
-23164
75683
-37251
-92198
11314
-47883
87058
11545
-79579
28429
26740
-3660
22392
63866
89141
-87874
-53961
84863
-51681
48331
-45869
-82204
20259
20637
42518
-85190
8643
-99398
44492
-17433
75959
-76137
6453
-21200
44490
77251
-86782
-17834
94936
32361
49255
81731
-86215
18804
5205
40518
84353
-62963
7417
98354
83233
70741
-7959
-59810
-46310
-13979
-36049
-46429
62036
-63006
-97492
-24276
-76162
-14334
-19610
70412
76860
-38015
-24400
94185
-72620
-49930
-72103
8659
-60916
-3775
79395
69358
6485
77907
-87985
-55817
-25702
92919
-30845
63938
-77827
-23349
30490
76910
-70168
-59369
-71457
68810
25690
-73801
-30257
-29026
48531
-60864
-79925
-98997
18204
76801
-15041
31321
-5991
-48492
-37685
27571
49832
-83977
97346
-73158
-5110
-97303
-67924
23811
-38974
-561
35756
-76149
-3882
-31655
21728
-65178
89128
94702
-90913
-84959
-6866
66965
-94428
68879
12611
23763
21196
-86101
75950
-70350
95768
90960
80126
62188
-21400
21278
64625
-56661
77845
56594
-26166
48212
79318
27727
24355
-48748
-31976
21546
-58909
390
-49153
5354
-36360
56069
-48911
-27287
-28532
43157
-47479
96822
-47891
81084
-28362
84676
54280
-67150
84485
-78803
24413
-71945
-40619
-72744
-26603
-98550
65502
48062
13784
85758
79768
84375
42121
66583
-69669
-97005
84213
89743
26211
-53970
-86042
90942
84511
-81682
-66071
-50480
-99425
-69745
-15907
11226
-26609
44799
15089
-98558
-92830
-61837
-10662
60027
66029
67672
-71763
-79486
-39333
-50814
-61661
-89783
77498
53559
1100
76705
-83989
53705
52362
-58532
50396
-16415
16752
78005
-97708
25253
95028
-54305
-13097
-99391
10568
40304
97033
-70736
56451
-69797
-18876
-91296
33599
11182
13037
-16810
-71854
-34751
-54948
-82831
-3485
-38966
-33263
63239
70824
48754
61300
-65238
34927
40100
-98779
-94511
-25228
-17236
-5556
-45375
-34643
77802
-87711
48629
-55012
-40245
-33905
92000
-19064
-16157
24374
-9409
-63550
-4690
16766
-85465
-62252
38491
-54693
-91019
92480
11300
-8911
-3005
-87353
-69243
-60016
57473
25211
-16310
-56476
65334
-50235
6846
83923
44754
74751
-4373
84291
-18811
39937
-71716
-98219
82665
-17533
-40702
22091
-85759
75919
-77224
-36437
-32978
-24285
27652
815
74307
-63683
41849
77363
93146
47896
86901
-16245
20301
69589
-99025
72617
-44776
59234
-69257
-1657
-54383
7107
-55136
-28064
52581
-5826
34331
-21136
94587
31095
-93633
10166
-66786
-62676
23465
98375
74365
64999
-24756
-75648
51331
26096
-27608
23194
82433
88427
-67030
-98445
98388
19515
-44181
56363
-43573
48037
94917
53989
-85372
-34082
6930
51831
12307
72895
-9314
-97179
-46536
-58686
-77099
-77836
-29996
63199
41565
-35115
61022
64458
72591
72977
-12655
-25544
-82428
-99823
-96106
98942
-31514
-87621
-88490
-61033
79259
73106
69845
95738
58351
-20184
-91531
-53990
71858
94907
60436
-37679
-50650
59061
-41424
-90132
27125
-11762
4574
-46155
-70992
-42477
39170
79768
68705
-13330
51490
-86293
-80813
-83139
96757
24766
-84310
45910
63061
-39144
801
69795
-91807
63394
-3749
90600
-28644
46155
-69260
73967
-1635
-25661
46763
16672
-1374
35100
-81130
56080
-51342
38186
99748
-11824
87322
-77110
60238
-14164
44503
34185
-34528
-20998
80761
-59417
-74773
94032
-39374
-15884
79893
-3578
51009
98150
-74390
-38919
-77576
93239
-53163
48560
-63819
62216
42411
-7736
-47974
32515
13701
-47374
-88980
-39370
58725
-43938
-73561
-48258
85675
72940
-44607
99113
1285
-22549
32613
3141
27364
-54352
-21208
-15106
11534
25433
48150
-65208
-76196
-93155
82632
87552
67209
-52386
85675
-21735
-65593
-91265
24362
60097
-42449
24514
-80620
-39459
-45666
-82531
-69342
-85793
-72093
-91560
14319
-60464
71189
97768
-31324
99999
-72678
6291
35359
71161
-48545
88037
720
54288
-5031
-87760
-29128
53711
48831
48546
-79480
-43393
-42692
-3007
83108
2334
76966
-17673
-43285
-88309
18015
-56958
375
60462
-25164
-5326
-44670
58151
-53574
58030
33363
-84215
-39298
26629
-80460
35231
-80317
-87900
-51136
-90226
1385
87070
70304
69659
-24662
-9031
64151
-14885
4775
13753
1421
1315
61553
-6735
75085
69008
-26686
55904
75345
-78522
-31232
-46985
54794
-94409
6798
-97402
-12971
-37924
-71540
-88598
83175
31562
31182
-33414
28001
2982
60428
-97983
3880
97083
-85522
-30444
-65384
64932
27865
41758
70744
-63444
63084
-91571
27659
-93195
50703
48480
38045
-21175
-97385
61037
56631
42262
90085
-82963
64960
42386
-4470
91048
-18224
-28685
-21142
39009
-31780
72182
-50473
82243
98961
-11873
66271
-63283
23384
28994
36929
74771
-75170
-77358
18326
22924
81
-92374
-16928
-16159
84547
52555
24550
-69742
34464
-51581
79349
-1287
-63858
-47815
70100
-1204
85272
-44358
50355
-73267
-38711
-40031
6262
-83975
72626
56127
66447
52364
74480
-25359
-51513
-41334
-2352
98399
77497
34228
-92188
66839
6186
3266
8483
72031
-14593
-84660
-33367
82
-20895
-49009
44543
-75230
-15197
13404
41379
71837
40471
-93867
80131
-68909
-9660
21377
92364
-99878
-13269
57366
24089
-326
-11916
-54795
33944
3392
29613
1696
54660
56979
-88648
58025
85576
-33292
-14291
-61161
33377
-19413
-40854
32091
28401
73236
42780
142
29945
68548
-88391
50061
62982
-60437
13783
-50847
-40085
28096
-39392
36412
-5387
-2536
-4276
-82119
63931
84834
98386
-21915
-27565
-95979
85646
-61929
-3111
93672
-53528
-83282
-30017
35946
69925
18516
41901
83718
-76776
-21023
-21943
51434
-94820
935
46161
-93485
-85227
-77893
52518
25991
5460
-79208
-44863
-46426
58429
-4590
58410
-98575
-92740
-88983
13771
-55463
-89927
-12820
10863
79350
81312
-26814
-5394
69421
95170
10292
-56528
-72069
-52090
-57847
-90575
-45942
-64893
85523
-73578
78998
79109
68345
6087
-16823
39007
-37939
-18849
72860
-35444
99262
14071
27265
29721
-85733
72430
21782
-90129
17973
-72361
-88516
-93762
43931
230
2960
27840
-82158
41188
51730
83372
44750
42184
-48425
37577
99198
74688
67
82942
50004
-76395
-64108
-7991
-92150
39035
-57435
-33460
-91997
-90860
-17198
-81380
-5210
46714
-88484
67243
22053
3426
60665
-55489
51774
83421
-10026
-34012
-12982
-62403
17736
-43825
90467
57192
4810
45046
-18161
30643
82995
-5673
99875
86455
68889
62825
14558
-16786
-95019
16530
-13376
-50043
84476
64609
75091
-55106
-2760
37721
-98746
-40063
85671
-15316
8421
83234
-41871
33177
36124
-53566
18476
65569
70282
-86973
50291
-93617
-91771
21603
-76706
-9157
84668
53600
-78912
-79615
12734
90982
-4042
-2279
-795
-86106
-55229
44133
-75010
51667
95553
84872
7948
65523
-17162
26346
30370
92247
75336
-97668
-8143
-45162
-87475
81855
10001
34653
95419
-14573
-16333
-59766
12864
31438
-14555
48038
-63559
-45624
41749
-31701
-1138
-84133
-21499
-14551
36180
10801
5118
-37014
55053
25870
44939
-9175
92492
69227
-69452
78805
12166
-19349
-58051
41678
15622
-14626
39335
-53812
56027
36737
64346
-21239
60837
67707
76174
-18705
92601
-2392
39339
38891
-21091
36481
-52086
29125
-29893
-57922
-63633
85397
24680
21548
-75433
-74850
-97192
29966
-15153
-54226
35326
82845
-73324
-71217
-82283
-12496
-97459
61480
1642
-33223
-50402
40463
68245
65288
-82433
-88485
-72795
57548
2541
87936
13824
-42980
-95898
44022
-29152
78215
82288
-25851
-553
-88859
-78019
87058
-14243
71713
-65264
-65288
75036
25245
-25118
-24842
58512
29079
28881
19832
-29243
51245
-87911
89370
-96495
-16279
5926
52041
-70100
47924
-25771
-6480
-1330
40557
21761
75313
-22879
67531
-62831
50868
-75348
-54898
69335
-94057
97546
10180
-44577
62591
44094
39358
-84918
75918
-9610
-70702
77914
90041
-85193
27868
-74688
19302
47434
44394
-58584
57176
-42805
54157
-92477
52484
3346
10900
44744
24654
-14156
8297
-8167
99611
-37956
70925
32217
-45887
-34297
32995
3909
65006
97724
34621
-40315
35463
49578
-3090
-52133
88886
92726
631
-23370
-94949
-4008
-17178
98513
-73251
-22460
-70304
-29004
-43105
90828
27131
85725
62539
-12426
82231
94609
35429
-8083
-27646
32473
32091
-72262
-92771
-37136
74086
84584
56047
45188
14212
82613
-59899
-2502
-78701
84703
71321
66105
30137
-44465
20580
89553
-247
-49188
22294
22686
-9038
-39029
-76053
-88331
40660
43193
52383
54694
-29790
-81037
64356
-10929
-75690
23621
50276
64436
-14552
-96182
-31579
13720
81382
-95199
25200
97383
21474
1479
-30184
-30283
-29433
20577
-79885
33401
30663
-92290
-53102
-67349
24391
-82153
-84710
-9637
-46635
-72207
-58219
-84774
77736
-40998
-35893
76902
-34623
-90845
-1257
-6709
41106
36357
-15197
84954
86753
39810
-13462
19745
-48212
18389
96234
20287
-64112
-87845
63546
14559
-49548
-52449
-55555
12941
54310
-74973
60027
-88564
-18317
27614
-48895
28833
79790
27570
-32054
97262
-83335
7603
-6252
-55557
-99620
-39435
80399
77246
86819
-17244
-56153
-79912
61479
3766
48036
7155
-92921
17258
-41100
-45727
-97336
-15073
-43259
-17676
-71444
-29172
27671
-32033
-24297
12469
57349
-37285
-1060
-20419
19782
54631
51341
98179
-79186
49425
-78599
-38905
33943
46240
81609
9662
-19077
30369
53704
-64639
27522
-16916
-74235
-74305
-39280
-77197
75812
46474
98081
-51465
28121
77833
-60963
66909
-63780
-54547
-7847
-22636
47898
79316
3141
-14558
40233
84264
-32646
-10438
-80856
95237
-61175
-41335
51935
-77732
87631
61835
-58731
-13959
-36325
-38998
99288
75255
-8761
27206
77194
-26467
-2052
6445
20102
37713
40243
77572
-8098
-8432
85636
16020
76084
-96692
-6058
20054
71906
33463
-22715
-92490
-61012
22035
-28301
-22448
44700
-13412
67673
30472
-97350
87863
-63056
12575
-92643
70397
35768
71860
53779
32922
-49587
-8502
-85512
-64737
33053
-74848
-13704
-45983
-73644
-60227
44909
-10434
95229
-5252
-84613
-21138
75384
-61452
-44631
-36854
-97621
-14229
-96513
-38896
-52075
48205
-93537
-55786
-15112
-48685
-43105
-95898
-1305
92996
77963
86137
-16598
-41822
80108
92481
37453
-51585
-99967
-87254
-64816
-28005
95918
-85748
-60239
-14827
14690
-4321
46130
-93581
-61443
58437
-69565
13512
69577
84622
97136
-17205
12038
22370
71677
-51499
25961
84851
91046
-59374
-21076
23983
-64059
48575
-60883
-95069
-13095
-59314
63100
-16464
50564
-24418
66884
37672
-21845
-69541
34249
32272
-42295
-89932
-95981
-67087
39469
-10668
69738
-54012
17465
-6594
25918
37
5117
-25715
-56513
62811
-12567
-7768
-42827
6859
-28880
-12397
61919
31318
95642
86771
26785
75712
-69439
19575
63871
-38510
19802
-77227
6937
-70259
32170
-33921
-92619
35721
-61662
-26600
-60201
86186
77002
-7147
57070
-57708
48704
-3910
-60921
19905
8128
9039
28221
-79293
-47059
-81788
66790
48832
-61097
65830
7720
-99726
60134
-26692
56916
28099
53170
-8603
69602
55793
-24275
76117
35354
-69731
-75496
-8216
-35867
-26811
-28327
43439
-5821
54689
79252
60128
-92683
37505
-21465
89231
-6707
68628
34019
75358
94309
74162
66011
-31170
-60428
-17700
84505
90671
61036
25081
-81420
69441
-33219
-19461
-58167
60513
-84446
-43373
-72184
-43497
60780
97062
41324
45216
-43706
-82817
24353
-51527
-94980
73318
-64782
9823
45704
54839
-51702
75398
-58761
-22640
-20
67717
-12431
62324
36167
-35294
-22342
-38774
61408
-59873
97926
70312
-70130
27646
-17405
-7269
-37203
-5833
-10858
28313
85930
-12214
74466
-85800
-62472
-85267
-66860
84554
44863
-74660
-75477
12219
-32629
-54163
72340
-36721
-58685
74933
67884
-27871
-33339
6917
54239
-15629
49950
42332
38373
99301
-80918
-67451
-71691
27687
-17209
24656
-31139
-83835
-2545
-60671
-55959
-11471
56234
-60815
-65728
38018
-70972
85927
61594
96482
-48878
58756
43551
94075
27672
90450
73627
-96224
-59205
88731
94275
-3154
25442
-81802
12439
-52078
-45117
90002
-49237
18154
-91500
-42628
-14846
-74607
-69695
61917
-6042
1624
-26996
87360
-23317
96885
-57865
44924
-20730
-24790
73848
-93006
56953
76746
33788
96204
90173
-98598
-53578
-72089
62397
87637
19080
96689
51349
-83982
42342
92153
-65823
23573
29901
91915
30749
60664
13792
55083
10341
17180
65895
-42652
-11075
-69343
-82139
55728
74808
-1727
-45104
-96915
95094
-27950
54705
85418
20206
-66470
-7861
-22923
-74852
60489
-19519
689
91604
26175
-77297
-3803
-92988
-71546
-13156
-26447
-21741
-7312
2773
17201
-55770
-80235
-4274
18199
23848
-58890
24765
9733
-42098
62732
66676
-55779
53922
79144
55317
-64430
52292
86028
73487
-69479
27274
-56056
-50089
88027
-56475
5726
1472
3308
6238
-31449
-81944
-85241
72507
-45106
-70825
49156
-59386
-18274
-23052
25434
40507
-3508
-75456
-49206
-86122
68261
99261
-71273
-4625
-95510
-89579
46243
-2451
-38490
-62114
89214
69492
-49063
-81443
-94204
15874
-45911
794
-97601
-1053
25199
-11322
-50527
-77592
-48825
88105
24148
90664
55059
-6671
11154
30702
-19824
-50051
44421
-69137
25110
61627
-37922
-1268
-69228
-17554
46922
98026
-92876
92212
-63207
-18446
-71464
76479
-56402
64363
75913
-66749
-16145
-15074
2311
-83095
40934
8088
-75135
96529
-74859
-30144
25458
96383
49003
-66768
-53922
33322
-4215
84036
8782
56587
83870
-73659
-27928
-11040
67350
-2540
71514
-41740
-90977
59713
6303
68778
97476
-79440
-93974
69277
47512
28809
-20646
32694
42007
96103
-75165
-81097
-12552
90398
52787
93987
19739
61195
-26105
48027
47661
84422
79639
-26707
-29907
9935
69859
-81194
61103
93524
-8183
35146
31175
59020
38376
-56061
61281
46387
77505
-89499
-74351
-16475
-83861
-8947
-5259
82866
-86227
76505
64229
-11864
-45312
-94129
-32345
-31224
67218
6796
94613
-31308
79787
91254
-7477
11761
9531
-18323
-61457
589
-64455
-81088
815
-42166
86078
-6054
-63128
-53142
69036
-65488
97099
13232
38245
-37325
-78097
-74337
-60449
-97163
-74767
81254
26784
-9928
-38967
-47039
-52430
-56453
87197
66094
-34771
34406
-46069
-46050
-12949
-37319
-75845
-64671
55540
81884
53860
47777
26305
-15967
-56595
-82031
-74926
-23912
-30675
-75284
17385
40018
-48832
45071
71048
44436
53319
-27822
72836
80581
3190
-78149
-1258
69984
43437
-45826
98787
49753
-34266
88323
-70626
-39061
-44856
38999
-36211
-62486
-95600
-86400
-52644
-31802
-11974
-66550
38340
-6233
91845
57681
71049
-65579
41698
-44714
-66484
-38692
-84481
1678
-35835
73055
99032
98517
65354
66212
19279
-61163
56688
17011
-99381
12898
-25956
55704
98174
-55095
64568
-57083
67013
-26997
-21783
-94371
-7760
-8035
39961
23169
-23769
-43504
-55231
-64723
63647
-32310
-51299
20367
88692
39673
80808
-77102
-92765
-69012
-13634
75315
-23886
-74884
-48226
94120
2466
-85127
-87919
87553
-3847
39870
67137
84894
44654
-37299
25555
-41025
-76053
5240
-2946
-63916
-71220
88982
24587
2582
25377
-94520
-36041
49052
-93030
72034
-85935
48040
31290
-28249
-76670
-54128
58773
-33622
33445
10101
61751
79597
13854
44387
52676
-39976
-36841
-41829
-1905
-20173
-28767
91326
-20167
-64591
24970
-40137
22730
-31510
81389
-62866
-47111
95646
94890
-87603
-7587
-11522
-28548
40557
-59808
-64393
-96323
20804
-88442
-39208
56762
65087
22543
36493
4663
23068
-41785
80801
33839
76405
-16815
34250
23787
-10771
5685
-84153
-35846
70846
-21530
-18586
-68368
-85957
-64843
83699
90242
-10752
73005
74509
-38747
-58674
71347
53834
-94844
-83548
-50529
-31352
-93760
36887
4992
-62167
6839
77511
-55287
-80765
-30083
-97548
-14300
-94475
-36018
-844
-37985
66995
1339
-27124
31845
-29986
76584
69070
-83934
7872
-6908
54565
-44529
90576
-19209
-25782
-3885
56513
98298
59694
56027
-84089
-626
55626
-32465
34120
-45232
-91476
-28193
-83039
5115
-41607
-88509
67085
60292
-65807
66131
67896
-38405
-17055
39542
-90683
-67665
-68484
37461
17689
-87993
92916
25612
60729
-11089
-35169
74854
-49373
-51777
27891
-23655
-84586
-1038
39078
-88826
27618
-18280
-60599
-87187
-43005
-8980
-92767
12924
86995
-23912
-6387
70278
6698
54915
-43639
-39180
31525
-59728
78499
-47414
-93758
60293
-33948
58534
23341
-20120
-26271
90491
-82516
-94701
-95716
-60459
12574
63379
62135
24607
-72063
5434
-34289
54755
-2306
-8136
-15589
-8711
76318
-93899
47111
99577
88304
-41955
50398
19230
-23171
36191
-36042
93060
98339
41037
-3650
-72745
94603
-31202
-60248
-23839
47349
-23618
-30838
-69735
39898
-52509
-7072
18319
-16438
-66145
88427
-37074
-56399
3460
80697
-64348
-6287
-85475
51611
85912
61190
-74033
88274
6338
36990
62691
51901
-80011
4261
34664
68248
-6572
-91708
14086
-48892
-68862
-95184
-46898
-8378
62773
36620
-4889
57479
-64813
-57124
7084
18098
52765
45656
-95715
-37893
2141
-47089
6424
98640
16635
-98608
48047
-90134
-19570
17372
-82860
20032
-27205
-74205
-89389
94253
70939
53882
80035
33067
-52053
-35676
-11918
41602
-93780
-44046
25085
-80748
57634
-6754
-83009
-44675
-61720
-32140
-83550
4602
47282
-59917
-73488
79239
86254
-58581
-44026
-67356
-93212
-1789
16758
91152
-43627
-848
-32136
66099
-32630
-69612
-68191
-74132
-87313
16385
-89122
-77375
6976
-39249
10529
-18125
55695
-68701
55504
-16898
-59775
35056
98297
91289
9836
-19313
-81046
-15735
29619
20593
-37121
67553
-60840
13605
70762
61466
-8119
83159
54234
76844
-28332
-68451
17232
-75696
-36721
-62215
-81647
25279
-69084
49425
18382
97939
-78976
-66800
85305
21371
17239
43469
38810
67219
56197
-64851
17314
-48141
-31253
-8716
3643
6746
-83750
-25974
54702
95429
91400
14265
12318
-86030
-89400
17618
10375
-40647
-54877
57379
25254
-31084
35708
66279
-60449
11782
-76700
23580
98194
57845
-1719
30663
5749
2066
6286
-8862
54981
35671
95827
89012
69940
71807
-29434
66881
19263
-92741
-85135
-9111
74763
-59413
13381
28465
-86274
37414
6320
-40328
-12957
86797
45132
6895
46453
-13664
-23910
-68463
-96345
99522
-46489
17231
7404
15107
-5679
20586
68700
7403
-11959
99518
-40212
7048
58439
-24239
-68655
76419
15065
45714
71032
-69980
-57151
40950
46867
14069
77844
50791
7885
-77218
-95497
-45883
-24545
37731
37162
-52370
-11038
70090
53429
-44652
15861
-89418
-70141
-11106
71289
-6991
56809
92156
94616
-42911
-28854
-18237
-72922
11199
-90386
-98464
2164
-99051
79630
88930
54196
22508
12910
-71116
39075
-47411
24213
9506
-92424
-9433
5298
-32395
6318
17295
-51875
-9281
69844
11019
-41710
93405
-79544
-37054
-99749
-61078
34786
24095
10978
-38958
-98883
-95639
77158
96551
48318
-3932
-82304
-91944
39992
-65899
54918
13331
-55228
-84139
13110
-23486
31411
76581
62111
3073
-35958
-93064
-72292
26990
-16151
85702
52331
-20305
2149
-97043
-81882
-27437
29375
94804
-29577
-30864
96059
-66890
-18006
31350
-42744
15150
19507
47355
9773
-16177
21814
2252
-227
-72479
-23828
12424
-92067
-60732
5100
-98177
-94823
-37012
-57456
2984
-47614
69438
67510
4828
-89058
-45873
-66683
-28783
-67894
10441
-47181
60784
-68188
-71851
31109
96353
53335
-88508
32703
89740
-66665
96094
58129
84771
-45406
49549
-51592
2557
36642
-91961
-94028
-39828
-83805
-6588
37574
84034
-7827
-739
38292
-1223
33095
93860
89699
4922
71957
9373
80223
-20227
-65378
-84030
6262
-74034
96727
-9000
52523
67224
31983
81102
70749
-97773
-10916
80491
-63794
-82145
-64476
-4510
33165
-97130
14775
-61017
47957
-34751
-67896
-42487
-66521
-55416
79451
41984
13813
79270
52771
-17483
90324
-47893
-38024
-21866
85686
69583
51615
-95612
74036
12973
22343
-36570
-89875
-36618
-48646
7003
89519
54335
57649
82840
-25466
-54952
-53841
-53422
-92658
-93177
-20998
-13710
23557
-74564
-12922
-82231
30780
-63057
-99020
15951
20376
-47030
-88274
-42657
-59084
-91977
83113
66264
-52775
45121
49303
87381
44701
10011
62786
31692
95100
72849
81310
-55599
-69523
61068
-10431
23604
-23119
-18084
-6882
-35784
81937
99517
7649
-98188
28641
-73521
-29297
6273
22225
51078
29914
57436
59797
-68277
48377
-85191
99577
31730
62942
-44142
14655
16319
78744
72895
17772
73096
-53721
765
97892
1111
-54121
-7008
23477
78448
-17215
58487
63262
16964
50370
-30664
-70199
16115
-94827
66617
53186
41165
60329
-90393
31703
-83434
28113
10140
36728
46026
-24432
42165
-43077
29100
98627
-9193
37306
-35929
-19510
38399
-39477
80998
86519
69094
15696
-32927
-43722
73121
-57294
76187
26521
-78649
-54201
65052
-1691
-94001
-39223
17801
-83630
77588
70469
-92832
-59951
94280
3627
-70302
-72235
87523
-97591
98991
40283
-32072
53023
-16563
12665
63862
59678
93748
43993
-31580
-60579
-98946
51145
-99347
-17341
42027
36514
69353
-17577
37814
48011
26368
90597
22184
76754
87804
-15826
25172
-91477
-37284
35790
29921
-2130
-29265
271
84358
71136
23831
-58373
10693
39615
-2553
45588
-15930
74417
67265
34370
-75627
33192
15657
-7316
34650
-60014
-82826
33810
-98702
-26729
-30394
26960
-9033
32076
25554
12745
-26264
-95543
-68201
14508
-23291
93088
71977
-78947
-25011
-18852
-3351
-71833
73833
-35815
93618
-59160
97091
33275
-39738
73744
-78946
14709
27702
19561
77025
24556
-91735
-1796
45756
-97068
-43218
-93145
-96498
-73331
-45757
55363
95251
76005
-95047
-61920
-1189
-82371
7604
12367
-78148
-30712
-72434
-59576
31841
55290
67689
-78854
-55922
-42104
-89111
-39921
20081
-83284
3265
-9899
83428
-9211
-27679
-9
82109
97717
51713
-3177
88737
35387
84110
-20114
-50655
57959
-4955
38251
-42337
84067
-15524
41859
2235
94326
68215
-79705
55180
60052
-15571
-35126
7108
71606
75648
43302
-58286
65093
-95545
31427
-90676
44026
93490
50962
83447
41511
-30683
-39432
-42183
64634
74293
-47593
-88099
-22517
13752
52549
-9667
-5013
-32567
-9691
96993
-96868
-49041
-91750
32951
-77123
55393
3397
30073
63303
72481
63317
20150
38859
31876
-36476
-93431
-34526
45246
67931
-27500
91688
-98067
-54391
-76281
84829
79820
-80487
-68526
44332
-60015
-58450
-72075
70999
27184
-20305
-59767
9576
-13075
97381
30845
86631
12153
4203
-42548
-83228
-31931
68097
80422
28819
24559
-92839
42805
99688
3393
-80946
1422
37540
44105
98893
-96239
46388
65421
19191
86926
-82118
58538
83877
81664
-48072
77000
55528
-38103
21351
74049
17476
-91516
55809
-77976
-32043
-6028
-8765
69852
43715
27799
-30576
-64984
-13080
-52420
-63716
-39776
-33344
74824
11489
3859
-29225
31297
95028
70667
42317
-99839
-28683
62924
-32145
-24666
-42507
47577
-38202
97127
-75595
12148
28433
77117
34746
52235
-84466
67631
84955
-82576
49770
-37173
36722
-42535
2840
-68398
-13365
-69
-49266
-94285
-14149
93293
35309
6348
37740
-66824
-45433
-61919
-5779
94347
-33269
16129
37490
-48839
57321
18876
-15173
2440
-76062
-33015
48559
-90223
-25167
37980
-39761
-58784
-49240
82158
-60257
51335
-26745
82292
-67381
4630
30553
-48497
48614
32099
37939
26140
-75410
-97120
-16551
-66420
-67121
63320
42068
-51787
10639
-61989
-62204
-76273
-77582
34662
82935
81069
-73645
-15593
-4374
-60018
63147
-43366
-29453
40346
-38953
-24622
-85815
-51115
-72392
24396
-28253
-81523
36449
-8774
-82801
70680
-41305
-15841
-69158
-64431
65940
-76009
68285
28259
-95181
-34524
-60805
-38566
-79311
93853
75246
9475
84398
79008
49574
73148
-55152
-31932
88745
74275
-40771
95565
-67361
20793
-66356
-91724
-58139
-34587
-64258
62539
51525
66986
85034
-33932
-79972
5889
69451
57818
-82957
99350
88782
43625
-8893
48171
-4148
10325
-16698
67578
-61419
2795
67051
28183
-4416
-67579
-80564
-44994
82052
501
-34962
47733
-5516
90529
77895
21845
36074
63528
61560
-93409
22845
-59230
14133
28971
-99728
62313
-49454
8118
96740
45794
33984
19371
17281
14434
23579
-96147
-44407
-55175
-53964
57509
5967
54142
-90064
26544
-71572
73882
41453
-21702
28035
12906
-87677
65716
84173
-40939
78627
20723
87097
623
8174
43735
55643
43637
58904
9143
-12975
9071
-8311
98229
66319
70270
16191
15146
70948
2446
46222
69141
-38773
50321
-62395
-51616
-14729
-44212
89737
52893
46972
-36448
-77368
34291
-86822
62870
-33149
-47753
54044
-29437
-74976
-51611
77983
-55812
-85338
40500
70967
-80660
-31068
32444
53251
4575
43676
-74804
-631
56659
56122
-62463
72369
-90344
-34052
-41285
-57953
-2304
5625
54465
81471
89537
-1411
304
2098
-62426
-37956
-4265
-3027
52374
-35724
-73100
1433
-27793
-59082
-21657
92361
90057
-74300
-72782
-89281
53346
19091
635
-11387
-65859
-32783
-5356
64272
6724
22389
-75016
-42241
-63502
-97510
23752
-6484
24476
49510
66719
98665
27436
27004
49787
68880
24159
-64659
38465
52112
-2342
-99196
-73545
75922
-43408
-7662
-2293
-17412
-78265
36581
20651
-27181
-42700
30838
90946
38220
-83475
-85539
-20859
60070
-46454
34023
-62112
7408
63510
82162
-81711
22770
41232
95484
-52943
13780
58713
16586
-68631
-80343
29715
25238
82233
-93846
77127
4393
45910
98721
-63928
-46152
-64486
-65171
76593
25889
87893
77653
-99444
68721
-98660
49698
-98278
-37631
-95267
-42342
81205
41558
98829
8513
-25053
31567
83402
-38472
57174
5514
-49564
24263
22697
-74622
-23600
-83780
-45738
7738
-58621
65128
-67981
91700
58382
-27251
-59266
31
-59481
32225
97351
96933
-16887
-12811
-33711
57413
73417
25167
81926
-95329
-53626
-56794
43231
-636
-25078
-20258
-47947
-83455
67212
90778
-7391
62102
-45157
-22190
90109
-84688
47088
70417
72117
-40581
88348
8681
-66512
22063
64502
18111
49456
-90998
25184
-21892
95639
74916
-19420
-85422
-16513
50614
-94685
20967
-95493
-72025
-40305
-70095
-75404
21942
80575
-61691
-57352
-49716
-90153
30138
97095
-32209
-41117
-72317
62580
90835
-44908
48268
-46592
34934
-97704
3253
38091
75067
28741
-21392
-24558
1756
-35539
53501
76078
-52211
-92446
96716
7460
-85854
96999
93733
-64501
-89593
-52399
-18451
-98480
46976
-84840
41839
38192
-60041
66191
-81262
-36294
-63739
-92129
58417
59761
85253
47786
-4468
-60367
-99957
30844
8004
64189
76620
-11370
-51277
75009
-84497
68175
43442
-53420
94189
43132
45978
-65146
-88916
8939
18796
-40613
-74618
98276
-72304
-22286
-22617
23852
-847
-36060
64617
-99502
80661
-69440
-65746
-45345
4990
13832
-78628
98203
-56999
4401
85300
-80718
78500
4869
31378
41838
51706
-62835
28997
23327
52603
-59912
16593
91305
-47149
-21531
80895
60496
-91950
-59745
74243
-1914
928
97191
-67133
69599
-74044
25534
-43215
-39555
-82824
42042
-76163
14905
-42684
51236
87022
44942
70143
-7468
33031
-49203
-97515
-36854
-91344
9596
99537
56884
-4737
-31285
70042
17041
-61308
-92660
23037
-29947
-84021
33923
-34198
14637
30497
31938
73262
19071
-15455
93314
58163
10158
48140
-25947
-36266
3606
20923
-28136
-88204
2403
8650
-1360
35055
52688
-32269
72888
-53359
31483
10780
72235
61660
-34046
-95151
-72181
-27601
54716
46918
8994
88769
91880
90330
46232
-92893
34244
-73471
52407
-95696
25726
-16024
89496
6663
-9030
-5918
17266
89360
-46645
68346
34795
11373
-4622
62510
3757
85805
44370
-81760
-16958
94409
-88026
-14409
5737
-56174
39416
59159
-44567
-50623
93311
22891
-70814
39394
74482
52442
29717
9196
58708
12347
58563
-84797
-42280
12574
20850
11489
97800
-1602
-1567
-2760
-51394
-45462
55265
-1657
-93635
84399
77723
84706
19343
-42056
17152
78479
94849
-61964
-98138
13369
-45200
51375
-61292
-81302
1910
48414
-960
88092
-28440
8496
-18809
-50835
69960
-79659
-69078
21904
37014
23065
-94056
-6523
20903
-22678
-78703
72563
12753
67474
-12063
-54592
18265
91521
4984
13494
-12410
62029
67213
51659
-43874
-2190
-96848
-35823
9862
73031
-112
-86961
-16330
47733
37548
56186
-33912
-90304
60424
22
-29173
-68583
18437
23991
-39949
31154
-16927
46740
-23760
-61127
27566
60414
-55135
-68986
12438
-44989
-77778
44567
-44914
-49091
-72796
61276
90742
36411
-61769
-10005
46705
31008
12856
-6116
65632
-46920
62120
-17613
86927
-11156
37483
9959
55089
52008
-81915
8499
18232
-81696
31463
-74078
-31645
85163
-6212
-85962
12236
20368
28001
-11710
23681
-13838
98399
59626
-66301
41830
62386
94219
7817
-50739
-43973
60898
95051
65718
39159
-60733
29808
-10929
-94073
-77912
95174
-24595
-31886
5991
89132
60688
-18543
93224
-19283
-39338
85966
-90512
23183
-25587
-5999
-55813
57289
70990
50902
-65474
82612
-28922
-20881
82765
75043
622
-86385
34744
-53610
-18349
-56439
-19536
-7835
7457
-48633
97915
-37998
66242
45971
-61675
61090
-18016
-32208
88091
-33323
45281
-5566
-96397
-19272
-49583
-19632
57298
-52653
-71763
-57285
-31529
70563
56887
-26530
14903
-23670
92953
72768
22950
-4460
-84832
38270
12609
-57539
-58230
-67066
17867
79618
13640
37484
-7937
8681
31243
-81925
58631
948
-98041
61250
4888
-36301
57876
87810
-76226
94117
7229
-92075
14422
48342
-12601
18278
-17990
-62836
-94745
-45450
26439
-32918
1385
-53536
43740
60538
48287
95123
-52106
29910
91831
-82317
96866
10112
-16423
-11239
71154
-26210
7223
63360
32462
9157
92933
47250
-98358
29626
-5036
-24665
13839
-57871
7291
85640
-89075
15533
39296
-21476
-58206
70174
-84290
-88556
17680
44075
67309
51401
-84763
26435
58337
-57089
-22821
98369
-89466
41245
-89720
-87674
85691
-36362
-28051
79516
-32008
-19038
31312
44083
-39934
78160
-66275
-27403
7376
-70205
53850
-50129
-70506
-31375
-87011
56738
-56628
40469
53352
-61656
3606
24145
-21452
9727
-16760
-21274
-37616
-36265
38733
-56130
57194
-93370
61024
-60601
87519
-42462
-15577
-31417
32230
53270
-82423
-85169
5038
90329
24350
-63150
69477
-67665
92352
52603
-57831
-31151
-26795
45574
84758
-43830
90537
1331
-81490
-69504
19655
-42669
-2344
30711
-24013
43698
-2883
-92051
1505
97563
-82551
-87604
-36129
-73946
-50880
-86559
-28017
-31442
-93220
-18267
-73420
-62405
75125
8475
79122
-33696
58757
-38089
-56023
-20245
-2611
23531
71752
13760
-37824
15117
62371
83197
-6649
-32032
-91699
-83927
55092
-85305
95895
-32921
53446
42177
-76552
98998
-10957
-69205
-69593
-48891
-51654
-27971
-58506
21431
75559
-44061
44314
-1189
-94320
69308
-67536
89295
-22405
-68503
40035
47052
-6493
-80885
4482
-38050
61794
-8756
24695
32145
-73892
-36010
-78498
-92779
56314
-89351
-52935
-89952
29140
-22403
97097
88861
-60432
-49731
56886
91164
46927
7667
69698
67655
-58933
-19086
-37717
-82403
-67348
68736
-48864
-53185
66375
-16744
-37124
-65229
-5984
-58899
-45600
-64895
-59999
7887
-28778
-39190
-3668
43709
6415
-18740
92365
48362
-69249
-72358
20735
-89602
10121
-86763
62866
-61793
-7216
19351
-72000
-70715
-30544
92487
66302
-64949
-45684
38244
-45241
40446
19995
74375
-98874
25574
-4393
7148
43629
89933
-74993
19128
-95911
-65428
64343
-31710
28635
61693
58031
-62654
-14412
40128
-38983
-78430
89943
70476
85939
1066
-42783
92034
86905
-59723
62916
47106
-83982
-36614
57889
-11631
-10699
-74466
15684
-60517
-62781
75964
-95035
62026
-78541
-39075
22834
-83231
-97235
42109
-73487
-34719
-50328
17237
51989
28507
43960
-86150
-9919
12189
29494
-84645
65986
-52648
52736
-98971
47639
11088
76200
64643
-32191
-41456
-37863
41353
-60388
74369
46349
99957
-28437
92967
-67516
85790
97974
-98861
85003
3504
-52182
71060
42508
54558
59530
48834
-98609
-55233
54130
-70352
88511
-55961
-70919
98650
69645
66724
-80729
19029
30412
2991
86168
45691
47052
48347
48581
-30465
59218
-4102
-56451
1972
-69762
92471
99907
-84479
89084
93401
-14938
-19999
-87982
58063
35506
-64932
13956
-77420
-41846
-47916
-20584
-69003
623
-30953
39800
-43155
30367
6584
75479
77038
89980
2581
46646
77849
15189
-64980
-88800
52633
81971
-74121
-5192
-10579
-26932
-48595
25623
13536
45409
12060
-45263
40288
-83347
-93147
-19830
-11617
-63898
-34075
5022
-95936
82168
1484
-12968
13561
-86837
68333
154
-55904
31241
-17090
-9461
-80869
-11678
-59554
11617
-13713
50918
-76242
-11960
-47581
4778
11864
18580
80231
-2345
61670
-58941
42041
-19929
-89120
-88756
66221
4620
-3137
-28507
32975
2010
83993
63582
-9045
92559
15431
-31155
66105
-17074
17854
96898
-83356
91364
-43670
-43611
28603
-89807
19062
-59131
50643
-72834
-92532
6978
-25729
88739
-64842
-6357
70287
-48541
-70892
73180
21043
-87737
-40926
-26837
27273
-51542
-71172
67388
-16508
56503
-28426
-9700
-5889
24033
-40179
-10999
65933
42307
91927
71313
2104
-23602
-34866
67804
-13858
7660
-85122
10072
31038
58247
96596
-89033
9731
-52279
47973
28250
-61165
-93382
9964
-19572
6470
88181
33866
76084
63992
38274
-55971
41660
-54148
78366
-76268
-59090
20706
66038
57264
57582
-47632
58818
311
-17342
8156
-67035
30888
67890
-99218
-81554
-61830
35225
-47377
-50219
-50964
53401
-85516
-82118
61359
93034
14936
-48673
45145
-72856
-90614
12065
-73632
-70455
70601
-90269
-99385
16241
-31627
-73474
-73450
-14850
-46905
65702
-86787
39844
46065
-45810
-96221
-22471
71266
-2241
-48597
73710
52725
-41602
65635
92631
34179
60629
95046
61141
-24317
-81511
-40965
-8953
-45821
-90044
5794
44839
77030
38358
98415
-11047
8755
-64079
-10117
72944
-33449
82017
89073
-4124
30317
-9895
-76943
43641
-72180
-97289
25786
5991
-5091
-43322
-5031
35189
-24276
-6996
28460
27115
-60895
-64744
4001
79036
71222
-45272
-69364
15826
39212
-75122
-47380
59236
-80902
79709
-1328
4943
-47003
-88432
-26852
-78724
-33262
-9779
98461
-7172
68974
32532
83110
-8955
37089
95225
-64749
-75082
37809
56866
55939
-10520
40553
83333
6100
34836
76688
-30123
-98570
-93403
-24079
-35367
29925
-23874
93857
62425
-313
53887
38899
98590
-94833
49597
-39399
-58418
-31337
-65802
-34794
61091
25005
97037
-75801
-44174
83050
18877
61028
8685
-24472
71520
14237
-18230
86047
-89166
-15531
-17509
-66959
-85270
12201
-12363
-16812
64439
84961
59736
-82138
-65148
8630
-48917
-30194
-62586
33687
60742
-21069
-45006
15953
-70025
-2932
-19900
45465
-96487
88551
-46829
-12842
10317
-28710
-77810
-77216
63223
-11182
15980
-26619
-39817
14477
-55192
-65159
-199
-28858
37352
-53489
-850
-34704
-20314
-84534
-8777
13424
71557
91330
-30131
81630
-55865
39985
-88068
-46615
50686
63769
-45446
4007
-50125
-1798
-59589
-8150
-95859
-85623
20677
-3970
10219
-10207
-98438
37977
-56929
-57074
-31863
-3209
-14952
-22877
-84649
-68949
-34731
-62902
79328
49487
-98097
46343
-5683
53026
-88959
45296
88724
11177
4749
-37469
-8663
45798
67250
31308
-29107
45370
-2344
-83165
41514
94769
4165
-81559
64568
-60753
9697
-14311
-5781
-71859
-21088
17702
1195
-35117
41040
-29903
97165
-94419
-34560
21195
-16703
48583
-62605
-79734
67443
6674
-59039
16057
29392
-71422
-83276
-62391
-37810
58168
16310
-24358
18284
81849
63930
-33307
-32681
-13905
-82254
819
30832
-83806
34273
54067
-96322
20996
-47635
20669
54216
-98242
-7654
-74564
-43085
-71858
-17138
-54737
33837
-29398
95543
-87481
-6616
-69407
16026
83152
59069
55438
-28587
79369
80551
-58738
-24513
-49692
-19242
61981
-56616
45928
-44554
-45431
13701
28839
51705
90890
11896
-58852
1408
47216
27392
-91180
46671
-30803
-43696
2608
-61231
-41190
-38095
92736
98485
83976
73221
60956
-94199
60936
50015
-56613
45695
-16577
-70197
84765
-68988
-10609
-68873
-16580
-33331
-90928
22821
41946
9406
-24159
36894
-13673
64796
32189
-86176
-18442
-83023
34440
52149
10120
74731
46896
-45402
-27098
-9633
27912
-5894
70157
-76108
-6643
-3201
-92418
41591
-85344
-46159
55582
70281
-91714
27274
48298
32157
-88207
-93455
-60302
-57436
-37424
-56153
44363
65315
-29202
75698
60652
48200
-47554
-90277
-31891
-10912
713
-98352
6202
-98376
-92233
82804
-47212
2409
-39250
97535
-34653
29379
-46066
60290
1635
-68923
-68558
49398
-29551
4493
89802
-8373
63504
-79614
-89458
-4137
-90728
-40614
-82376
26461
-503
95646
37757
-29005
36688
-3269
37659
35022
76262
-753
-32366
6046
-88916
-80790
80595
-92311
-98667
-66362
-6763
-31961
-22780
88622
-39785
36876
52521
-71754
15393
34424
25367
42859
40785
-58755
80898
25413
-937
-9581
-38284
-51354
50624
99162
-210
22584
70764
75544
33222
-4872
22904
12506
71583
10728
-69220
64401
-50181
-39334
-45790
92029
16142
-36624
-30680
-64308
6849
-29748
-79454
-43446
6446
20128
-73997
-85052
26323
-55328
24939
33279
84193
-26184
-15516
-99434
32437
-86474
-82038
71555
5929
-16138
98636
68284
-22461
-67992
-80786
-58844
30006
25251
-17178
-26369
75270
74376
51024
44165
36065
13090
71122
-19634
75558
-51784
89922
24764
28399
-15186
59614
-1477
36502
-68627
30077
-43795
39045
-57443
27528
38767
-68940
-47630
-24202
52009
-57895
-84870
90322
-97206
37039
74546
55937
56904
-20380
61350
-9158
15713
-5229
-92664
-19956
-23710
95535
-10777
54907
-82946
33807
-14567
-99082
-98380
17365
-34582
-43614
-12738
66552
-8146
77898
-23598
20509
-12085
76586
-72774
-4563
41572
-69077
-19542
-45825
-94791
-86242
14668
72087
73448
77749
60716
-60821
15034
-23597
-40179
-69117
23362
-13242
49713
31600
-62048
62034
51691
-88556
-49485
-48395
60694
45948
-33062
-45804
-63721
158
-16825
16434
19986
71281
-67008
34934
-89031
34298
21548
7706
94591
-46397
53681
-90700
36144
93041
-31332
21291
61225
54916
-89945
-2632
84232
13230
-84532
-43064
-54894
-85215
-9726
-37439
78766
34261
95017
27507
-295
-41535
-11789
21169
71512
-19780
64197
-79532
-64286
77304
-29675
-18769
56740
73512
93149
-96789
14980
51503
40453
17343
-85259
-66609
-65280
74094
-72691
17734
-36139
-1822
-11220
54153
-11641
-87011
42094
2492
-12837
-45194
53238
-39021
-15151
48468
-58373
68703
-6698
-96288
-54599
-41304
18012
41574
77977
-98693
75030
23880
-18720
82408
81075
-689
-65891
27324
6422
68339
65413
8039
47998
-73338
61026
10044
-49214
85501
-56226
-89651
-10726
-93083
89712
73425
-66500
69610
-82706
-15150
-29385
-62507
-81917
-60289
98012
-50963
15299
77199
-23934
51501
77599
-78766
93277
-14734
-37883
1257
20888
-15627
-53122
-1902
56793
-51340
59094
-40162
4861
73042
3739
-99807
31343
-91211
32206
73409
-40632
87283
85442
55163
8653
79370
-642
45715
20005
26393
12187
1299
26056
11792
60411
-17715
-49304
-2544
53991
22713
58637
53127
55004
97943
-2777
-35368
77495
37766
63529
-14892
-49096
-66331
-44111
-46554
-14734
-39744
-66687
-9716
-21406
-61991
-63026
-54562
-3811
-65538
-41218
89181
54274
88075
-57824
74016
38225
73873
-15562
16227
31552
23326
-18886
-54981
-11314
61302
99812
36512
11588
8241
9597
31214
-14123
-82635
-54424
-65478
-88415
-42391
-72724
-92830
33546
1948
-18230
55034
27819
-19862
54448
-10092
64620
-45207
-34634
6486
28517
86041
-72122
-88771
51504
85066
7001
-18275
-13897
48026
-61930
-74369
90945
-55854
82735
47763
-45992
-92634
60489
-66450
16247
-10769
74436
95484
36647
91406
34517
30568
6519
-39158
78425
90131
10269
-61553
64631
-24280
-70390
-99934
62703
-35491
53257
-53940
47672
51720
-95440
64604
76660
52439
33868
82088
-96416
-35499
-75221
-45543
-77516
91837
65771
61909
52757
42134
-34266
-3040
77297
-40636
-19052
-7579
-6860
-86825
15501
9431
-13642
-46922
22726
90018
-41107
-5625
-79857
-6818
68668
-60907
13059
-20499
-52874
-1578
-60643
-44908
81093
63690
27841
41476
4457
47606
15532
99119
282
92166
48921
-75833
-393
-46512
15765
-25575
44707
-76673
-79232
77865
40173
55654
-46045
75265
48681
-46621
-57287
-64363
51134
-79957
-56466
-7727
-75973
-56101
17225
-14528
19953
59959
36669
-2166
-10922
-73023
14013
29797
-5695
-47956
97202
79941
-32122
27328
3911
-34572
-51370
-32122
74249
-15314
-53885
61450
-60539
-30760
26223
-28722
-98213
54832
18883
1813
-52281
-86807
-23710
-30607
-82537
91322
43585
49405
51306
9906
-36100
76359
-23185
75994
-28255
-91213
84496
76232
-97979
-44227
6605
-79561
-81355
-69706
21718
-4264
-88864
4070
-90889
59267
-24128
74356
-93267
92054
-70702
-1165
1965
40972
78507
20559
-59311
-23455
-76596
-55348
88814
-91592
31812
-31527
90829
-29664
-89318
20992
82033
97201
32882
32962
-62174
-61195
26180
-57983
69028
20420
-67693
57879
-61357
-97906
44174
10821
41960
-37227
14236
-76821
30680
71571
-89053
29269
77764
5226
48203
-23845
-17381
-34154
-88315
72939
42009
10237
8939
-18140
-92139
52492
11769
-19396
-95079
-26068
83232
26406
-66893
42554
83301
-70242
-52350
-18758
64492
-25200
89393
44647
38713
-17586
81402
-14269
-66805
-9887
-79249
55500
-83658
30451
-40123
8892
-62986
83248
59883
-88707
40728
64257
190
-90554
-81765
40375
-49946
-38888
-49876
-43970
274
-60403
20657
74535
-38870
-18202
91927
36039
-69951
-35695
30655
-74154
-66258
12715
-48110
-57569
82872
-6010
-31116
90357
-90848
-74555
55063
33294
96471
38867
-44840
15141
21658
34858
-24069
89451
57557
-26490
13333
54474
-31955
-83079
-52463
-67614
17822
-60195
37936
72314
75392
42930
-98361
39018
75073
40882
62407
74377
63601
-5194
40901
41912
-48186
-62791
-76847
-58274
-3094
-90629
-74432
-68804
-73073
94432
-13768
-72425
-34796
29958
48069
-28744
73219
13957
-29010
62091
16874
-32876
76353
-96381
73832
-93481
75586
-98620
39249
46987
80406
44779
-66844
94638
-88921
87588
-22458
-36031
33842
-43773
-76514
-99657
74466
81473
66933
67758
-3508
93849
69573
-79901
15197
49744
-49616
-68026
-14903
-32468
-74409
-69949
-5225
93283
80067
71292
70737
54350
50891
25517
56959
95243
-16882
-84363
52836
25444
70872
71856
-90676
-62954
24680
-34246
90710
-83626
-79352
95122
56416
-59506
-93972
35075
52174
-64328
47594
93209
40918
-32316
56277
43866
-6875
-45511
-52052
37429
48256
-17702
54788
-98397
14763
21625
18884
81138
17192
-17624
-27525
13952
-15374
85530
-13613
-81686
-94223
-25931
-60466
27890
77512
39800
-45988
82863
-61527
58349
-13861
-34639
9149
32381
9880
-2076
82674
-58922
82964
-1514
-14769
-55983
54529
-39970
-99037
11590
-74249
-6715
5313
-74419
-51627
-48377
97749
13681
62586
20408
-64060
-44520
97283
58744
56991
-1815
-23897
-98563
63674
-77310
-98527
-59952
-71222
-15027
-56299
98395
-9070
11212
50026
78282
59741
-37824
36027
-28995
-70745
-31584
-4634
-95593
-56382
-61828
37194
66751
-21449
10698
-15480
67025
-18189
49417
-52467
-96373
-26329
-24299
-4155
-66286
-1191
31818
81677
81201
-54456
-93136
46754
98057
26579
-23629
-37513
25476
-9477
-23550
-11970
-3140
-13049
45293
-14694
-64310
55066
-78013
4190
33066
82073
93775
-91332
-83365
41099
43998
-54684
-89771
-14518
-86005
56061
-79841
-68594
-29170
-96685
-92049
17088
-26243
-51005
93942
87766
72824
-22446
-55515
47232
-73598
-71103
-41906
-85956
29486
82939
-15816
97514
-86560
82250
74458
-76682
-94211
49305
-20508
56110
8079
-79195
91710
83372
67876
97792
-54141
72491
83971
-54904
98360
-36664
26989
49542
-91158
10478
-76067
-64714
-78212
-13832
51336
-7678
87333
-97271
-36854
57459
55353
38155
-14606
56313
-42854
-40474
21090
-50721
82988
-73055
67851
-14863
18904
52232
1575
43770
-56159
-6527
74030
-84037
64439
83185
30995
86341
-70342
52096
16396
-83973
-34738
87832
-10588
-20939
62095
-50968
-4935
24009
-91395
54922
32846
-42314
9886
14081
17948
32295
72819
21712
-80400
49648
-64243
-87434
-53219
-93722
25057
46641
-94417
935
-50956
-36209
-15114
-84153
27544
99835
42982
-14428
-76601
-39573
80926
63694
-39722
-39465
16242
12944
82732
-147
-88059
58935
78161
44759
-55111
-31616
66815
-26839
98266
78847
-41475
88619
-72236
-45365
-25627
93633
5090
10198
80732
70193
71596
87820
13110
68671
-65391
-23434
69764
12255
-61218
-59328
28253
41427
-30205
16683
21913
91926
68576
-45450
-75124
25403
-42324
183
-87224
-70323
-50200
-31318
24154
86092
-46415
45888
-9001
-55063
27483
52284
-6913
23805
90834
-53833
-17226
20090
57624
99756
-71603
31317
12108
-92454
-37882
13146
-2964
46519
81608
-71093
-80373
13754
19953
-20111
-68252
-73636
95414
-23405
-13292
43900
-88450
-76851
-15069
-91273
-28426
-37712
93595
13078
-56252
-50253
91832
-54831
85955
48706
44857
40360
-58809
-55634
52095
93037
-56278
-69650
28845
85108
-25390
67321
-71663
23163
94458
-49731
-56521
81012
-43075
51510
-44572
-18605
33459
-27257
-8734
-79096
18622
-33763
-98543
58037
52821
64997
57764
-62977
69132
30345
-51756
85363
-75878
-74597
-83125
-95033
22943
-79428
-45895
-21751
4230
21658
-7266
60344
-489
-31975
17942
-81264
-227
-58493
-40143
50596
-65129
33965
-25267
42103
53253
-39774
-61509
-50274
-12481
86819
8822
-21665
-6698
18563
32081
-49883
77833
-80912
-17434
51812
-18344
18628
-80114
-7128
20975
92272
68162
-81246
-99996
-86260
69574
-26002
-66852
-27481
-74027
-83604
-47439
77479
-84845
-88974
64030
-5043
11138
-84366
31387
85024
-72444
44106
-43632
-83265
5505
4680
16257
3255
1886
56134
87521
127
-52276
51836
-62188
-65983
-93792
-76996
47720
-20611
-62981
-73352
-84813
-46851
6008
3140
87328
96088
-55761
39881
-32905
686
-69617
-72287
59738
-472
-53233
27513
43544
74314
75273
62061
38220
-97903
89554
66467
43425
-26933
57648
16570
-8558
-67632
-46483
-95515
-47619
395
72534
50072
-80762
55295
-82820
14162
25880
53015
58410
14143
-73031
88125
-7992
-24095
93961
-70872
36418
61231
87066
-41611
91751
-44161
61961
-50073
-64618
-14337
35519
4199
40113
89432
-17505
-27127
54538
28302
4450
-22698
30429
-48321
-21823
68146
85391
-2410
85599
-91626
-61134
24079
34251
41065
58773
90145
49748
43598
-35406
-11173
8894
17890
-47260
-89662
69496
-43302
66128
-86264
-71626
4119
72476
-81901
-17906
79885
-68067
230
-73354
-99066
63739
-41771
-49723
86142
-16181
-87992
-7884
9081
65604
-24668
85824
46590
37089
-36066
42280
97555
96455
82800
-90889
-4992
-89178
65569
-71543
-54182
13498
89687
-74737
25007
-97578
48941
5227
47981
5125
80033
66453
43508
-62466
-43378
-43878
35082
83481
-92195
17605
-8422
39030
37364
69736
82001
-75201
-59192
-98865
-75830
-20912
-7410
42520
11752
-2243
-25020
-21990
-3491
82417
50884
-40144
96341
6225
-52635
-52084
-60479
10829
15988
-74119
-3400
34832
68511
66149
-85109
-6453
-55269
20913
-13105
-17667
58073
-31817
-27932
60171
-18808
9622
67112
51604
-16510
-44899
-84392
-62010
87001
-45566
94094
89583
-54896
71888
-52641
-36359
-15489
-29671
-70924
-41930
-53941
36486
-27563
-83958
20654
-7431
-43800
-22754
98628
-29205
-29273
18185
27261
15530
-24364
93497
-45329
83245
30444
88217
73359
91512
97397
-83191
-15794
-54753
59311
-94767
61303
89286
10492
53591
-40333
1688
84712
90173
61721
23618
-3847
-42339
54837
99491
40921
32880
-87622
78423
-35396
88423
70600
61369
-10678
-24576
-24269
9366
-91022
-17676
99595
-23562
-6978
87960
-40971
2978
-15053
-60542
-64316
14843
51277
72274
-38308
26358
-83525
-14113
12777
-40950
6625
3389
26761
-89152
84386
-74656
-87112
-43170
-65958
-50141
-83436
39561
95368
20364
-33016
27009
36807
-41698
-36757
62507
-68474
15515
95666
4556
25740
19448
6575
-4084
-44802
-90013
70326
69312
68699
-62473
-11325
-47393
-85080
-66399
-4882
64160
-95688
-9876
90005
-74186
-55717
-85030
94669
-36738
-44343
-13668
36658
22688
-7612
-98737
-74586
-73013
-78713
22868
17729
18004
-38885
20754
75418
62240
-30940
-80085
-47579
-28743
-97588
98982
-37156
11952
95930
-33683
10112
-96311
-84491
39280
84708
99950
10686
91647
64414
23797
-77357
13981
17404
68672
-24588
80357
-41020
-61978
84727
87537
-37897
16235
-80755
98338
-31134
72227
68769
-2202
-28429
36843
-830
-1242
-43813
-45069
-41358
30808
-59609
-35432
-89078
-52382
78703
69561
38440
55426
-93647
2581
19896
-79010
-33767
15968
-70211
98188
-2571
47930
22586
10097
22690
39010
-86010
4522
88281
43901
-97124
-1562
75941
18649
19700
67105
-89444
49236
-57250
32762
74197
51771
12889
79576
97700
62080
69052
-89729
50579
96717
-73879
-61340
70890
17531
-35878
-52627
74595
-33638
-69200
-14692
57218
-46437
31869
-15768
-83370
41744
-17156
-86057
-45907
36586
-57093
-24277
39079
35046
35379
38592
-32403
35310
-13876
-53408
36606
62807
-95926
-10765
30802
-33798
57506
14446
-18683
99248
-47561
-12401
-22244
6982
65793
21347
-12434
-87678
29453
26669
42473
36528
93798
-90731
29431
49909
11466
42046
-42069
-60001
91605
-29019
11103
32090
-24064
-13972
94063
-77888
38582
-34095
-55227
-78690
64535
-44352
-37687
73033
-47213
61384
17470
6667
49588
79695
-61263
-34782
-47476
52948
-34308
-12817
20432
-68801
-76356
80029
-55908
7951
39932
-19010
77921
-39640
5939
72004
-32329
-26355
83497
31411
-48846
34163
-26982
-38457
72526
4660
-53745
-81390
-81223
36190
15584
-34781
-27875
97647
79473
95527
36432
4395
-47764
12321
-30386
-50746
-54202
-93252
-85137
-24429
-42767
-75963
56836
87684
40829
24336
28201
-4987
93623
10715
16515
-22305
80671
-77222
45442
-47003
-25135
38821
97353
-43569
-57565
-16168
40886
40490
97835
-39314
-70386
-38383
-19549
-18143
3776
14217
1398
-46871
-99809
82920
-66151
29994
89079
19020
51820
10948
76647
-9923
46751
-67861
-53523
-4844
-27041
-22786
99877
30197
-26595
30050
89971
-1257
68256
-18191
66419
-91058
-83627
-31580
7026
88242
-14579
-30178
-37672
8739
39876
29696
56671
-46458
75298
-43292
-75790
-98245
-36582
-13053
77842
45944
-16688
63492
-23267
-91956
58574
-66404
32926
-81743
-16010
-92049
16652
-3792
-8390
5398
76870
39160
-65243
-25248
-16414
22842
26996
-85940
-41858
60023
-24537
69344
-70865
65271
-77842
16805
43359
-94807
86166
-4317
33781
-33166
-29398
99196
-72062
-45408
-54447
-25969
-60857
52159
84038
44481
95052
-7917
64072
37609
81076
64981
-32534
-27943
33382
67937
-23754
-72263
-45988
-82634
-81745
-88932
72707
-8810
-80129
19962
-73764
-81740
-71857
60485
-74864
90041
-88421
-16656
39760
7640
-98454
-32921
-46607
29925
-15804
78236
88083
24085
-64122
-52245
-76908
-88543
79337
88236
-81559
-21423
-16905
-55374
-43682
-88476
45624
-57684
62763
25327
-21073
42832
80693
-84767
54048
-45694
83779
-30413
42412
20630
-1256
-75121
61014
-20204
57085
-90153
74421
96898
-60979
-95371
42450
-96767
77969
-76116
-95415
46782
14481
-63722
-75004
87619
49595
-1179
94907
-62654
92244
64953
-17377
18137
37712
33272
64722
42430
-18632
89652
-85129
96604
-20902
-47219
-95691
79931
-15528
-33091
-61539
